1 1 0.0 0.15278614065419316 0.8472138593458068
0 1 0.0 0.34339408382067427 0.6566059161793257
0 1 0.0 0.3728439925059627 0.6271560074940373
0 1 0.0 0.2333368426587764 0.7666631573412236
0 1 1.0 0.270549761919605 0.729450238080395
0 1 0.0 0.15278614065419316 0.8472138593458068
1 1 1.0 0.16714343451436264 0.8328565654856374
0 1 1.0 0.38763816466305856 0.6123618353369414
1 1 1.0 0.16714343451436264 0.8328565654856374
0 1 1.0 0.2873219328558323 0.7126780671441677
1 1 0.0 0.09096321920733486 0.9090367807926651
1 1 1.0 0.11945315093060094 0.8805468490693991
1 1 0.0 0.14807237916551175 0.8519276208344883
0 1 1.0 0.07363124036350721 0.9263687596364928
1 1 1.0 0.4324116233424842 0.5675883766575158
0 1 1.0 0.38763816466305856 0.6123618353369414
1 1 1.0 0.4324116233424842 0.5675883766575158
1 1 1.0 0.138462644939779 0.861537355060221
1 1 1.0 0.2551321832421293 0.7448678167578707
0 1 0.0 0.37990758521382006 0.6200924147861799
0 1 1.0 0.270549761919605 0.729450238080395
0 1 1.0 0.38763816466305856 0.6123618353369414
0 1 1.0 0.38763816466305856 0.6123618353369414
1 1 0.0 0.3512319308972728 0.6487680691027272
0 1 1.0 0.270549761919605 0.729450238080395
1 1 1.0 0.1445022524995987 0.8554977475004013
1 1 0.0 0.3512319308972728 0.6487680691027272
1 1 0.0 0.16529857281499305 0.834701427185007
1 1 1.0 0.2551321832421293 0.7448678167578707
1 1 1.0 0.38763816466305856 0.6123618353369414
0 1 0.0 0.3512319308972728 0.6487680691027272
1 1 1.0 0.270549761919605 0.729450238080395
1 1 1.0 0.270549761919605 0.729450238080395
1 1 1.0 0.270549761919605 0.729450238080395
1 1 1.0 0.4324116233424842 0.5675883766575158
1 1 1.0 0.270549761919605 0.729450238080395
1 1 1.0 0.38763816466305856 0.6123618353369414
1 1 1.0 0.2873219328558323 0.7126780671441677
1 1 1.0 0.38763816466305856 0.6123618353369414
1 1 1.0 0.1280815207226481 0.8719184792773519
0 1 1.0 0.38763816466305856 0.6123618353369414
1 1 0.0 0.34339408382067427 0.6566059161793257
1 1 1.0 0.15462225650291295 0.845377743497087
1 1 1.0 0.20045630583938345 0.7995436941606165
1 1 0.0 0.2310050479724296 0.7689949520275704
1 1 1.0 0.1445022524995987 0.8554977475004013
0 1 0.0 0.26171070675365804 0.738289293246342
0 1 1.0 0.23790235601519327 0.7620976439848067
1 1 1.0 0.07363124036350721 0.9263687596364928
1 1 1.0 0.38763816466305856 0.6123618353369414
0 1 1.0 0.38763816466305856 0.6123618353369414
0 1 0.0 0.34339408382067427 0.6566059161793257
1 1 1.0 0.27309385033140343 0.7269061496685966
1 1 1.0 0.15462225650291295 0.845377743497087
1 1 1.0 0.15462225650291295 0.845377743497087
1 1 1.0 0.1445022524995987 0.8554977475004013
0 1 1.0 0.4076128919014983 0.5923871080985017
1 1 1.0 0.23790235601519327 0.7620976439848067
0 1 1.0 0.2551321832421293 0.7448678167578707
1 1 1.0 0.09005427016958434 0.9099457298304157
1 1 1.0 0.270549761919605 0.729450238080395
0 1 0.0 0.3512319308972728 0.6487680691027272
1 1 1.0 0.2551321832421293 0.7448678167578707
1 1 1.0 0.2551321832421293 0.7448678167578707
0 1 0.0 0.3512319308972728 0.6487680691027272
0 1 1.0 0.2551321832421293 0.7448678167578707
0 1 0.0 0.34339408382067427 0.6566059161793257
1 1 1.0 0.138462644939779 0.861537355060221
1 1 1.0 0.38763816466305856 0.6123618353369414
1 1 1.0 0.1292385959411212 0.8707614040588788
0 1 1.0 0.270549761919605 0.729450238080395
0 1 0.0 0.3512319308972728 0.6487680691027272
1 1 0.0 0.3728439925059627 0.6271560074940373
1 1 1.0 0.15462225650291295 0.845377743497087
1 1 1.0 0.38763816466305856 0.6123618353369414
0 1 0.0 0.16949282532682308 0.8305071746731769
1 1 1.0 0.11945315093060094 0.8805468490693991
1 1 0.0 0.3512319308972728 0.6487680691027272
1 1 1.0 0.38763816466305856 0.6123618353369414
1 1 1.0 0.270549761919605 0.729450238080395
1 1 0.0 0.16529857281499305 0.834701427185007
0 1 0.0 0.3512319308972728 0.6487680691027272
0 1 1.0 0.38763816466305856 0.6123618353369414
0 1 1.0 0.16714343451436264 0.8328565654856374
1 1 0.0 0.2310050479724296 0.7689949520275704
1 1 1.0 0.2551321832421293 0.7448678167578707
1 1 1.0 0.2551321832421293 0.7448678167578707
1 1 1.0 0.09005427016958434 0.9099457298304157
0 1 1.0 0.4091839636209492 0.5908160363790508
1 1 1.0 0.25458559322905483 0.7454144067709452
1 1 1.0 0.2551321832421293 0.7448678167578707
0 1 0.0 0.2333368426587764 0.7666631573412236
1 1 1.0 0.2551321832421293 0.7448678167578707
1 1 1.0 0.270549761919605 0.729450238080395
0 1 0.0 0.3512319308972728 0.6487680691027272
1 1 1.0 0.38763816466305856 0.6123618353369414
1 1 1.0 0.2873219328558323 0.7126780671441677
0 1 0.0 0.3512319308972728 0.6487680691027272
1 1 1.0 0.4076128919014983 0.5923871080985017
0 1 1.0 0.38763816466305856 0.6123618353369414
1 1 1.0 0.2725915067731569 0.7274084932268431
1 1 1.0 0.23790235601519327 0.7620976439848067
1 1 0.0 0.34339408382067427 0.6566059161793257
1 1 1.0 0.15597620655282596 0.844023793447174
1 1 0.0 0.25049553395894497 0.749504466041055
0 1 1.0 0.4091839636209492 0.5908160363790508
1 1 1.0 0.2551321832421293 0.7448678167578707
1 1 1.0 0.23790235601519327 0.7620976439848067
0 1 0.0 0.3728439925059627 0.6271560074940373
1 1 0.0 0.16529857281499305 0.834701427185007
1 1 1.0 0.38763816466305856 0.6123618353369414
0 1 0.0 0.36479504621880476 0.6352049537811952
1 1 0.0 0.2333368426587764 0.7666631573412236
0 1 0.0 0.15278614065419316 0.8472138593458068
1 1 0.0 0.34339408382067427 0.6566059161793257
0 1 1.0 0.270549761919605 0.729450238080395
0 1 1.0 0.270549761919605 0.729450238080395
1 1 1.0 0.270549761919605 0.729450238080395
1 1 1.0 0.2551321832421293 0.7448678167578707
1 1 0.0 0.34339408382067427 0.6566059161793257
1 1 0.0 0.3512319308972728 0.6487680691027272
1 1 0.0 0.21479881808120416 0.7852011819187958
1 1 0.0 0.3728439925059627 0.6271560074940373
1 1 0.0 0.2310050479724296 0.7689949520275704
1 1 0.0 0.3512319308972728 0.6487680691027272
1 1 1.0 0.16714343451436264 0.8328565654856374
0 1 1.0 0.23790235601519327 0.7620976439848067
1 1 0.0 0.37990758521382006 0.6200924147861799
1 1 0.0 0.16058288630733453 0.8394171136926655
1 1 0.0 0.23852485099779663 0.7614751490022034
1 1 1.0 0.38763816466305856 0.6123618353369414
1 1 1.0 0.270549761919605 0.729450238080395
1 1 1.0 0.25335356509006457 0.7466464349099354
0 1 0.0 0.2494088541053382 0.7505911458946618
0 1 0.0 0.21479881808120416 0.7852011819187958
1 1 1.0 0.15462225650291295 0.845377743497087
1 1 1.0 0.4324116233424842 0.5675883766575158
1 1 1.0 0.270549761919605 0.729450238080395
1 1 1.0 0.270549761919605 0.729450238080395
1 1 0.0 0.14836396496031412 0.8516360350396859
1 1 1.0 0.15462225650291295 0.845377743497087
0 1 0.0 0.3728439925059627 0.6271560074940373
0 1 1.0 0.270549761919605 0.729450238080395
1 1 1.0 0.1445022524995987 0.8554977475004013
0 1 0.0 0.34339408382067427 0.6566059161793257
0 1 1.0 0.2873219328558323 0.7126780671441677
1 1 0.0 0.23230152842665985 0.7676984715733401
1 1 1.0 0.16714343451436264 0.8328565654856374
1 1 1.0 0.1280815207226481 0.8719184792773519
1 1 1.0 0.38763816466305856 0.6123618353369414
0 1 1.0 0.270549761919605 0.729450238080395
1 1 1.0 0.270549761919605 0.729450238080395
1 1 0.0 0.3512319308972728 0.6487680691027272
1 1 1.0 0.20045630583938345 0.7995436941606165
0 1 1.0 0.270549761919605 0.729450238080395
1 1 1.0 0.38763816466305856 0.6123618353369414
1 1 1.0 0.4324116233424842 0.5675883766575158
1 1 1.0 0.16714343451436264 0.8328565654856374
1 1 0.0 0.15278614065419316 0.8472138593458068
0 1 0.0 0.15278614065419316 0.8472138593458068
0 0 1.0 0.5847140233676119 0.4152859766323881
0 1 0.0 0.34339408382067427 0.6566059161793257
1 1 1.0 0.1445022524995987 0.8554977475004013
0 1 1.0 0.15462225650291295 0.845377743497087
1 1 0.0 0.09710324265064874 0.9028967573493513
1 1 0.0 0.24965498367150118 0.7503450163284988
1 1 1.0 0.15462225650291295 0.845377743497087
1 1 1.0 0.1280815207226481 0.8719184792773519
0 1 1.0 0.270549761919605 0.729450238080395
1 1 1.0 0.2551321832421293 0.7448678167578707
0 1 0.0 0.16529857281499305 0.834701427185007
1 1 0.0 0.15278614065419316 0.8472138593458068
0 1 1.0 0.2551321832421293 0.7448678167578707
0 1 1.0 0.270549761919605 0.729450238080395
1 1 1.0 0.2551321832421293 0.7448678167578707
1 1 1.0 0.4076128919014983 0.5923871080985017
1 1 1.0 0.270549761919605 0.729450238080395
1 1 1.0 0.4324116233424842 0.5675883766575158
1 1 0.0 0.15278614065419316 0.8472138593458068
1 1 1.0 0.1445022524995987 0.8554977475004013
1 1 1.0 0.270549761919605 0.729450238080395
1 1 1.0 0.23790235601519327 0.7620976439848067
0 1 1.0 0.2873219328558323 0.7126780671441677
0 1 0.0 0.34339408382067427 0.6566059161793257
1 1 1.0 0.11945315093060094 0.8805468490693991
1 1 1.0 0.38763816466305856 0.6123618353369414
1 1 1.0 0.2551321832421293 0.7448678167578707
1 1 1.0 0.38763816466305856 0.6123618353369414
1 1 0.0 0.3512319308972728 0.6487680691027272
1 1 0.0 0.25049553395894497 0.749504466041055
1 1 1.0 0.09005427016958434 0.9099457298304157
1 1 0.0 0.2333368426587764 0.7666631573412236
1 1 0.0 0.2333368426587764 0.7666631573412236
1 1 0.0 0.16529857281499305 0.834701427185007
1 1 1.0 0.270549761919605 0.729450238080395
1 1 1.0 0.38763816466305856 0.6123618353369414
1 1 0.0 0.3728439925059627 0.6271560074940373
1 1 1.0 0.1280815207226481 0.8719184792773519
1 1 0.0 0.2310050479724296 0.7689949520275704
1 1 1.0 0.38763816466305856 0.6123618353369414
1 1 0.0 0.25049553395894497 0.749504466041055
1 1 1.0 0.1445022524995987 0.8554977475004013
0 1 1.0 0.270549761919605 0.729450238080395
1 1 1.0 0.15462225650291295 0.845377743497087
1 1 0.0 0.3512319308972728 0.6487680691027272
1 1 1.0 0.15462225650291295 0.845377743497087
1 1 1.0 0.2551321832421293 0.7448678167578707
0 0 1.0 0.5847140233676119 0.4152859766323881
1 1 1.0 0.4076128919014983 0.5923871080985017
1 1 1.0 0.16714343451436264 0.8328565654856374
1 1 1.0 0.270549761919605 0.729450238080395
1 1 0.0 0.3512319308972728 0.6487680691027272
0 1 1.0 0.38763816466305856 0.6123618353369414
1 1 0.0 0.16529857281499305 0.834701427185007
1 1 0.0 0.3512319308972728 0.6487680691027272
1 1 0.0 0.14807237916551175 0.8519276208344883
1 1 1.0 0.38763816466305856 0.6123618353369414
0 1 0.0 0.37990758521382006 0.6200924147861799
1 1 1.0 0.2551321832421293 0.7448678167578707
1 1 1.0 0.16714343451436264 0.8328565654856374
1 1 1.0 0.2873219328558323 0.7126780671441677
1 1 1.0 0.23790235601519327 0.7620976439848067
1 1 0.0 0.2333368426587764 0.7666631573412236
1 1 1.0 0.270549761919605 0.729450238080395
0 1 1.0 0.38763816466305856 0.6123618353369414
1 1 1.0 0.20045630583938345 0.7995436941606165
1 1 1.0 0.2873219328558323 0.7126780671441677
1 1 1.0 0.1376887741204108 0.8623112258795892
0 1 1.0 0.4076128919014983 0.5923871080985017
1 1 1.0 0.270549761919605 0.729450238080395
1 1 1.0 0.15462225650291295 0.845377743497087
1 1 1.0 0.1445022524995987 0.8554977475004013
1 1 1.0 0.16714343451436264 0.8328565654856374
1 1 1.0 0.270549761919605 0.729450238080395
0 1 1.0 0.4294902454586277 0.5705097545413723
1 1 0.0 0.3512319308972728 0.6487680691027272
1 1 1.0 0.270549761919605 0.729450238080395
1 1 0.0 0.36479504621880476 0.6352049537811952
0 1 0.0 0.34339408382067427 0.6566059161793257
1 1 1.0 0.16714343451436264 0.8328565654856374
1 1 0.0 0.3512319308972728 0.6487680691027272
1 1 1.0 0.09005427016958434 0.9099457298304157
0 1 0.0 0.3512319308972728 0.6487680691027272
1 1 1.0 0.38763816466305856 0.6123618353369414
0 0 1.0 0.6048139224130363 0.39518607758696367
0 1 1.0 0.2141589123048513 0.7858410876951487
1 1 1.0 0.2551321832421293 0.7448678167578707
1 1 1.0 0.270549761919605 0.729450238080395
1 1 0.0 0.16529857281499305 0.834701427185007
1 1 1.0 0.07363124036350721 0.9263687596364928
1 1 1.0 0.25458559322905483 0.7454144067709452
1 1 1.0 0.38763816466305856 0.6123618353369414
1 1 1.0 0.1445022524995987 0.8554977475004013
1 1 1.0 0.38763816466305856 0.6123618353369414
1 1 0.0 0.15278614065419316 0.8472138593458068
0 1 1.0 0.16714343451436264 0.8328565654856374
0 1 1.0 0.23790235601519327 0.7620976439848067
0 1 1.0 0.4076128919014983 0.5923871080985017
1 0 1.0 0.5847140233676119 0.4152859766323881
0 1 1.0 0.16584164639293764 0.8341583536070624
1 1 0.0 0.36479504621880476 0.6352049537811952
1 1 1.0 0.2551321832421293 0.7448678167578707
1 1 1.0 0.16714343451436264 0.8328565654856374
0 1 1.0 0.2886552845399478 0.7113447154600522
1 1 0.0 0.15278614065419316 0.8472138593458068
1 1 0.0 0.2310050479724296 0.7689949520275704
0 1 1.0 0.1280815207226481 0.8719184792773519
1 1 1.0 0.15462225650291295 0.845377743497087
1 1 1.0 0.270549761919605 0.729450238080395
0 1 0.0 0.34339408382067427 0.6566059161793257
1 1 1.0 0.1445022524995987 0.8554977475004013
0 1 1.0 0.38763816466305856 0.6123618353369414
1 1 1.0 0.16584164639293764 0.8341583536070624
1 1 1.0 0.2551321832421293 0.7448678167578707
0 1 1.0 0.1445022524995987 0.8554977475004013
1 1 1.0 0.15462225650291295 0.845377743497087
0 1 1.0 0.38763816466305856 0.6123618353369414
0 1 0.0 0.3512319308972728 0.6487680691027272
1 1 1.0 0.2873219328558323 0.7126780671441677
1 1 1.0 0.2886552845399478 0.7113447154600522
0 1 1.0 0.15462225650291295 0.845377743497087
1 1 1.0 0.2551321832421293 0.7448678167578707
1 1 1.0 0.2551321832421293 0.7448678167578707
1 1 1.0 0.38763816466305856 0.6123618353369414
1 1 1.0 0.38763816466305856 0.6123618353369414
0 1 0.0 0.16529857281499305 0.834701427185007
1 1 0.0 0.23020981101816707 0.7697901889818329
1 1 1.0 0.38763816466305856 0.6123618353369414
1 1 1.0 0.38763816466305856 0.6123618353369414
0 1 1.0 0.11945315093060094 0.8805468490693991
1 1 0.0 0.15278614065419316 0.8472138593458068
0 1 0.0 0.25049553395894497 0.749504466041055
1 1 1.0 0.23790235601519327 0.7620976439848067
0 1 1.0 0.16714343451436264 0.8328565654856374
0 1 1.0 0.0800040629112393 0.9199959370887607
1 1 1.0 0.270549761919605 0.729450238080395
0 1 1.0 0.270549761919605 0.729450238080395
1 1 1.0 0.11945315093060094 0.8805468490693991
1 1 1.0 0.2551321832421293 0.7448678167578707
1 1 1.0 0.2551321832421293 0.7448678167578707
0 1 1.0 0.4076128919014983 0.5923871080985017
1 1 0.0 0.23852485099779663 0.7614751490022034
1 1 1.0 0.2551321832421293 0.7448678167578707
0 1 1.0 0.270549761919605 0.729450238080395
1 1 1.0 0.38763816466305856 0.6123618353369414
0 1 1.0 0.2551321832421293 0.7448678167578707
1 1 0.0 0.3512319308972728 0.6487680691027272
0 1 1.0 0.20045630583938345 0.7995436941606165
1 1 1.0 0.09005427016958434 0.9099457298304157
1 1 0.0 0.23852485099779663 0.7614751490022034
1 1 1.0 0.270549761919605 0.729450238080395
1 1 1.0 0.38763816466305856 0.6123618353369414
1 1 1.0 0.2551321832421293 0.7448678167578707
1 1 1.0 0.4076128919014983 0.5923871080985017
1 1 1.0 0.38763816466305856 0.6123618353369414
1 1 0.0 0.21479881808120416 0.7852011819187958
1 1 1.0 0.4324116233424842 0.5675883766575158
1 0 1.0 0.6048139224130363 0.39518607758696367
1 1 1.0 0.07363124036350721 0.9263687596364928
0 1 1.0 0.270549761919605 0.729450238080395
1 1 1.0 0.2551321832421293 0.7448678167578707
1 1 1.0 0.2551321832421293 0.7448678167578707
0 1 1.0 0.16714343451436264 0.8328565654856374
1 1 1.0 0.4324116233424842 0.5675883766575158
1 1 0.0 0.25049553395894497 0.749504466041055
1 1 1.0 0.270549761919605 0.729450238080395
1 1 0.0 0.3512319308972728 0.6487680691027272
1 1 1.0 0.15462225650291295 0.845377743497087
0 1 0.0 0.2333368426587764 0.7666631573412236
0 1 0.0 0.34339408382067427 0.6566059161793257
1 1 1.0 0.07363124036350721 0.9263687596364928
1 1 1.0 0.2886552845399478 0.7113447154600522
0 1 1.0 0.38763816466305856 0.6123618353369414
1 1 0.0 0.25049553395894497 0.749504466041055
0 1 1.0 0.4076128919014983 0.5923871080985017
0 1 1.0 0.38763816466305856 0.6123618353369414
0 1 1.0 0.270549761919605 0.729450238080395
1 1 1.0 0.1280815207226481 0.8719184792773519
1 1 1.0 0.23790235601519327 0.7620976439848067
1 1 1.0 0.2886552845399478 0.7113447154600522
1 1 0.0 0.21479881808120416 0.7852011819187958
1 1 0.0 0.15278614065419316 0.8472138593458068
0 1 0.0 0.25049553395894497 0.749504466041055
0 1 0.0 0.14836396496031412 0.8516360350396859
1 1 0.0 0.3512319308972728 0.6487680691027272
1 1 1.0 0.270549761919605 0.729450238080395
0 1 0.0 0.34339408382067427 0.6566059161793257
1 1 1.0 0.270549761919605 0.729450238080395
1 1 1.0 0.1445022524995987 0.8554977475004013
1 1 0.0 0.3512319308972728 0.6487680691027272
1 1 1.0 0.38763816466305856 0.6123618353369414
1 1 0.0 0.25593768897252434 0.7440623110274757
0 1 0.0 0.3512319308972728 0.6487680691027272
0 1 0.0 0.34339408382067427 0.6566059161793257
1 1 1.0 0.16714343451436264 0.8328565654856374
1 1 0.0 0.25049553395894497 0.749504466041055
1 1 1.0 0.1445022524995987 0.8554977475004013
1 1 1.0 0.2551321832421293 0.7448678167578707
1 1 1.0 0.20045630583938345 0.7995436941606165
1 1 1.0 0.2551321832421293 0.7448678167578707
1 1 1.0 0.1445022524995987 0.8554977475004013
1 1 0.0 0.3728439925059627 0.6271560074940373
1 0 1.0 0.5847140233676119 0.4152859766323881
1 1 1.0 0.4076128919014983 0.5923871080985017
1 1 1.0 0.2873219328558323 0.7126780671441677
0 1 1.0 0.4091839636209492 0.5908160363790508
1 1 1.0 0.2886552845399478 0.7113447154600522
1 1 1.0 0.38763816466305856 0.6123618353369414
1 1 1.0 0.2551321832421293 0.7448678167578707
1 1 1.0 0.25458559322905483 0.7454144067709452
1 1 1.0 0.2886552845399478 0.7113447154600522
1 1 1.0 0.38763816466305856 0.6123618353369414
1 1 1.0 0.270549761919605 0.729450238080395
1 1 1.0 0.2551321832421293 0.7448678167578707
1 1 1.0 0.2873219328558323 0.7126780671441677
1 1 1.0 0.1445022524995987 0.8554977475004013
0 1 1.0 0.38763816466305856 0.6123618353369414
0 1 0.0 0.3728439925059627 0.6271560074940373
1 1 1.0 0.1445022524995987 0.8554977475004013
1 1 1.0 0.270549761919605 0.729450238080395
1 1 1.0 0.25335356509006457 0.7466464349099354
1 1 1.0 0.38763816466305856 0.6123618353369414
1 1 1.0 0.138462644939779 0.861537355060221
1 1 1.0 0.2886552845399478 0.7113447154600522
1 1 1.0 0.25335356509006457 0.7466464349099354
1 1 1.0 0.2886552845399478 0.7113447154600522
1 1 0.0 0.16949282532682308 0.8305071746731769
1 1 0.0 0.25049553395894497 0.749504466041055
1 1 0.0 0.14836396496031412 0.8516360350396859
0 1 0.0 0.34339408382067427 0.6566059161793257
0 1 1.0 0.270549761919605 0.729450238080395
1 1 1.0 0.09005427016958434 0.9099457298304157
1 1 1.0 0.270549761919605 0.729450238080395
0 1 1.0 0.16714343451436264 0.8328565654856374
1 0 1.0 0.6048139224130363 0.39518607758696367
1 1 0.0 0.25049553395894497 0.749504466041055
1 1 1.0 0.4076128919014983 0.5923871080985017
1 1 0.0 0.14973003793666273 0.8502699620633373
1 1 0.0 0.22491997179111134 0.7750800282088887
0 1 1.0 0.16714343451436264 0.8328565654856374
1 1 1.0 0.4076128919014983 0.5923871080985017
1 1 0.0 0.15278614065419316 0.8472138593458068
1 1 0.0 0.15278614065419316 0.8472138593458068
1 1 1.0 0.38763816466305856 0.6123618353369414
1 1 1.0 0.1445022524995987 0.8554977475004013
1 1 1.0 0.270549761919605 0.729450238080395
1 1 1.0 0.1445022524995987 0.8554977475004013
1 1 1.0 0.270549761919605 0.729450238080395
1 1 0.0 0.15278614065419316 0.8472138593458068
1 1 1.0 0.16584164639293764 0.8341583536070624
1 1 1.0 0.2141589123048513 0.7858410876951487
1 1 1.0 0.270549761919605 0.729450238080395
1 1 1.0 0.38763816466305856 0.6123618353369414
1 1 1.0 0.16714343451436264 0.8328565654856374
1 1 1.0 0.38763816466305856 0.6123618353369414
1 1 1.0 0.1445022524995987 0.8554977475004013
1 1 0.0 0.3717965500376075 0.6282034499623925
0 1 1.0 0.38763816466305856 0.6123618353369414
1 1 1.0 0.15462225650291295 0.845377743497087
1 1 1.0 0.2551321832421293 0.7448678167578707
1 1 1.0 0.270549761919605 0.729450238080395
0 1 1.0 0.4324116233424842 0.5675883766575158
1 1 1.0 0.2873219328558323 0.7126780671441677
1 1 0.0 0.244059989085182 0.755940010914818
0 1 0.0 0.3512319308972728 0.6487680691027272
1 1 0.0 0.3512319308972728 0.6487680691027272
1 1 0.0 0.3728439925059627 0.6271560074940373
1 1 0.0 0.2272084912343193 0.7727915087656807
0 1 0.0 0.3512319308972728 0.6487680691027272
0 1 1.0 0.38763816466305856 0.6123618353369414
0 1 1.0 0.270549761919605 0.729450238080395
1 1 0.0 0.09096321920733486 0.9090367807926651
0 1 1.0 0.16714343451436264 0.8328565654856374
1 1 0.0 0.3512319308972728 0.6487680691027272
1 1 0.0 0.09096321920733486 0.9090367807926651
0 1 1.0 0.38763816466305856 0.6123618353369414
1 1 1.0 0.16584164639293764 0.8341583536070624
1 1 0.0 0.3512319308972728 0.6487680691027272
1 1 0.0 0.16529857281499305 0.834701427185007
0 1 1.0 0.270549761919605 0.729450238080395
1 1 0.0 0.2272084912343193 0.7727915087656807
0 1 0.0 0.25618806244059256 0.7438119375594074
1 1 0.0 0.3512319308972728 0.6487680691027272
1 1 0.0 0.3512319308972728 0.6487680691027272
1 1 1.0 0.1376887741204108 0.8623112258795892
0 1 1.0 0.2886552845399478 0.7113447154600522
1 1 1.0 0.2551321832421293 0.7448678167578707
0 1 1.0 0.2551321832421293 0.7448678167578707
1 1 1.0 0.16584164639293764 0.8341583536070624
1 1 0.0 0.16529857281499305 0.834701427185007
1 1 1.0 0.23790235601519327 0.7620976439848067
0 0 1.0 0.5847140233676119 0.4152859766323881
1 1 1.0 0.2551321832421293 0.7448678167578707
1 1 1.0 0.38763816466305856 0.6123618353369414
0 1 1.0 0.2873219328558323 0.7126780671441677
0 1 0.0 0.14836396496031412 0.8516360350396859
1 1 1.0 0.2886552845399478 0.7113447154600522
0 1 0.0 0.3512319308972728 0.6487680691027272
1 1 1.0 0.38763816466305856 0.6123618353369414
1 1 1.0 0.11945315093060094 0.8805468490693991
0 1 0.0 0.3512319308972728 0.6487680691027272
0 1 1.0 0.270549761919605 0.729450238080395
0 1 1.0 0.2551321832421293 0.7448678167578707
1 1 1.0 0.270549761919605 0.729450238080395
1 1 1.0 0.38763816466305856 0.6123618353369414
0 1 1.0 0.270549761919605 0.729450238080395
1 1 0.0 0.08351468333999834 0.9164853166600017
1 1 0.0 0.34339408382067427 0.6566059161793257
1 1 1.0 0.23790235601519327 0.7620976439848067
0 1 1.0 0.4076128919014983 0.5923871080985017
1 1 0.0 0.3728439925059627 0.6271560074940373
0 1 0.0 0.37990758521382006 0.6200924147861799
1 1 1.0 0.15462225650291295 0.845377743497087
1 1 1.0 0.270549761919605 0.729450238080395
0 1 1.0 0.270549761919605 0.729450238080395
1 1 1.0 0.270549761919605 0.729450238080395
1 1 1.0 0.270549761919605 0.729450238080395
0 1 1.0 0.270549761919605 0.729450238080395
1 1 1.0 0.270549761919605 0.729450238080395
1 1 1.0 0.2873219328558323 0.7126780671441677
1 1 0.0 0.15278614065419316 0.8472138593458068
1 1 1.0 0.138462644939779 0.861537355060221
1 1 0.0 0.3512319308972728 0.6487680691027272
1 1 1.0 0.40979621640465813 0.5902037835953419
0 1 1.0 0.270549761919605 0.729450238080395
1 1 0.0 0.3728439925059627 0.6271560074940373
1 1 0.0 0.2494088541053382 0.7505911458946618
0 1 0.0 0.15278614065419316 0.8472138593458068
0 1 1.0 0.16714343451436264 0.8328565654856374
0 1 0.0 0.34339408382067427 0.6566059161793257
1 1 0.0 0.34339408382067427 0.6566059161793257
1 1 1.0 0.23790235601519327 0.7620976439848067
1 1 1.0 0.2551321832421293 0.7448678167578707
1 1 1.0 0.270549761919605 0.729450238080395
1 1 0.0 0.3512319308972728 0.6487680691027272
1 1 1.0 0.2551321832421293 0.7448678167578707
0 1 1.0 0.38763816466305856 0.6123618353369414
1 1 1.0 0.20045630583938345 0.7995436941606165
1 1 1.0 0.16714343451436264 0.8328565654856374
0 1 1.0 0.270549761919605 0.729450238080395
1 1 1.0 0.2551321832421293 0.7448678167578707
0 1 0.0 0.3512319308972728 0.6487680691027272
1 1 1.0 0.38763816466305856 0.6123618353369414
1 1 1.0 0.2551321832421293 0.7448678167578707
0 1 1.0 0.2886552845399478 0.7113447154600522
1 1 0.0 0.25618806244059256 0.7438119375594074
1 1 1.0 0.16584164639293764 0.8341583536070624
0 1 1.0 0.1376887741204108 0.8623112258795892
0 1 0.0 0.3728439925059627 0.6271560074940373
0 1 1.0 0.2886552845399478 0.7113447154600522
1 1 0.0 0.16529857281499305 0.834701427185007
1 1 1.0 0.2551321832421293 0.7448678167578707
1 1 1.0 0.2886552845399478 0.7113447154600522
1 1 0.0 0.20902460422144942 0.7909753957785506
0 1 0.0 0.3512319308972728 0.6487680691027272
1 1 1.0 0.270549761919605 0.729450238080395
0 1 0.0 0.3728439925059627 0.6271560074940373
0 1 0.0 0.3512319308972728 0.6487680691027272
0 1 1.0 0.270549761919605 0.729450238080395
0 1 1.0 0.4091839636209492 0.5908160363790508
1 1 1.0 0.38763816466305856 0.6123618353369414
1 1 0.0 0.37990758521382006 0.6200924147861799
1 1 0.0 0.2272084912343193 0.7727915087656807
1 1 1.0 0.23790235601519327 0.7620976439848067
1 1 1.0 0.270549761919605 0.729450238080395
0 1 0.0 0.14836396496031412 0.8516360350396859
0 1 1.0 0.15462225650291295 0.845377743497087
1 1 1.0 0.23790235601519327 0.7620976439848067
0 1 1.0 0.38763816466305856 0.6123618353369414
1 1 1.0 0.16714343451436264 0.8328565654856374
0 1 0.0 0.2333368426587764 0.7666631573412236
0 1 0.0 0.34339408382067427 0.6566059161793257
0 1 1.0 0.270549761919605 0.729450238080395
0 1 1.0 0.270549761919605 0.729450238080395
0 1 0.0 0.3728439925059627 0.6271560074940373
0 1 1.0 0.2873219328558323 0.7126780671441677
1 1 1.0 0.1445022524995987 0.8554977475004013
1 1 1.0 0.38763816466305856 0.6123618353369414
1 1 1.0 0.2886552845399478 0.7113447154600522
1 1 0.0 0.3512319308972728 0.6487680691027272
1 1 1.0 0.2551321832421293 0.7448678167578707
0 1 0.0 0.25049553395894497 0.749504466041055
1 1 1.0 0.23790235601519327 0.7620976439848067
0 1 1.0 0.270549761919605 0.729450238080395
0 1 1.0 0.2873219328558323 0.7126780671441677
0 1 1.0 0.23790235601519327 0.7620976439848067
1 1 1.0 0.16714343451436264 0.8328565654856374
1 1 0.0 0.3512319308972728 0.6487680691027272
0 1 0.0 0.3512319308972728 0.6487680691027272
1 1 1.0 0.2551321832421293 0.7448678167578707
0 0 1.0 0.5847140233676119 0.4152859766323881
1 1 1.0 0.23790235601519327 0.7620976439848067
1 0 1.0 0.5847140233676119 0.4152859766323881
1 1 1.0 0.2551321832421293 0.7448678167578707
1 1 1.0 0.40979621640465813 0.5902037835953419
1 1 1.0 0.2551321832421293 0.7448678167578707
0 1 0.0 0.3512319308972728 0.6487680691027272
1 1 1.0 0.4324116233424842 0.5675883766575158
1 1 0.0 0.21479881808120416 0.7852011819187958
1 1 1.0 0.38763816466305856 0.6123618353369414
0 1 1.0 0.270549761919605 0.729450238080395
0 1 1.0 0.38763816466305856 0.6123618353369414
1 1 1.0 0.270549761919605 0.729450238080395
1 1 0.0 0.15278614065419316 0.8472138593458068
0 1 1.0 0.270549761919605 0.729450238080395
0 1 0.0 0.10017725219346629 0.8998227478065337
1 1 1.0 0.270549761919605 0.729450238080395
1 1 0.0 0.09205062514556761 0.9079493748544324
1 1 1.0 0.2551321832421293 0.7448678167578707
0 1 1.0 0.4324116233424842 0.5675883766575158
0 1 1.0 0.2551321832421293 0.7448678167578707
1 1 1.0 0.20045630583938345 0.7995436941606165
1 1 1.0 0.2886552845399478 0.7113447154600522
0 1 1.0 0.15462225650291295 0.845377743497087
1 1 1.0 0.25335356509006457 0.7466464349099354
1 1 1.0 0.1445022524995987 0.8554977475004013
0 1 1.0 0.2886552845399478 0.7113447154600522
1 1 1.0 0.38763816466305856 0.6123618353369414
1 1 1.0 0.2551321832421293 0.7448678167578707
1 1 1.0 0.38763816466305856 0.6123618353369414
1 1 1.0 0.270549761919605 0.729450238080395
1 1 1.0 0.23790235601519327 0.7620976439848067
1 1 1.0 0.23790235601519327 0.7620976439848067
0 1 1.0 0.2886552845399478 0.7113447154600522
1 1 1.0 0.4076128919014983 0.5923871080985017
1 0 1.0 0.5847140233676119 0.4152859766323881
1 1 1.0 0.16714343451436264 0.8328565654856374
0 1 0.0 0.34339408382067427 0.6566059161793257
1 1 1.0 0.270549761919605 0.729450238080395
0 1 0.0 0.3512319308972728 0.6487680691027272
1 1 1.0 0.1445022524995987 0.8554977475004013
0 1 1.0 0.2551321832421293 0.7448678167578707
0 1 0.0 0.20902460422144942 0.7909753957785506
1 1 0.0 0.09096321920733486 0.9090367807926651
1 1 0.0 0.2310050479724296 0.7689949520275704
0 1 1.0 0.40979621640465813 0.5902037835953419
0 1 1.0 0.270549761919605 0.729450238080395
0 1 1.0 0.38763816466305856 0.6123618353369414
0 1 0.0 0.37990758521382006 0.6200924147861799
1 1 1.0 0.38763816466305856 0.6123618353369414
1 1 1.0 0.16714343451436264 0.8328565654856374
1 1 1.0 0.07363124036350721 0.9263687596364928
0 1 1.0 0.2886552845399478 0.7113447154600522
1 1 1.0 0.2551321832421293 0.7448678167578707
1 1 0.0 0.16949282532682308 0.8305071746731769
1 1 0.0 0.3512319308972728 0.6487680691027272
1 1 1.0 0.16714343451436264 0.8328565654856374
1 1 1.0 0.16714343451436264 0.8328565654856374
1 1 0.0 0.08351468333999834 0.9164853166600017
1 0 1.0 0.6063670568247195 0.3936329431752805
1 1 1.0 0.25335356509006457 0.7466464349099354
0 1 0.0 0.15278614065419316 0.8472138593458068
0 1 1.0 0.270549761919605 0.729450238080395
1 1 1.0 0.16714343451436264 0.8328565654856374
1 1 0.0 0.3512319308972728 0.6487680691027272
1 1 1.0 0.2886552845399478 0.7113447154600522
1 1 1.0 0.16714343451436264 0.8328565654856374
1 1 1.0 0.270549761919605 0.729450238080395
1 1 0.0 0.16529857281499305 0.834701427185007
0 1 1.0 0.2873219328558323 0.7126780671441677
1 1 1.0 0.11945315093060094 0.8805468490693991
1 1 1.0 0.270549761919605 0.729450238080395
0 1 1.0 0.15462225650291295 0.845377743497087
1 1 1.0 0.1445022524995987 0.8554977475004013
1 1 1.0 0.4076128919014983 0.5923871080985017
1 1 1.0 0.4324116233424842 0.5675883766575158
0 1 0.0 0.3512319308972728 0.6487680691027272
0 1 1.0 0.2886552845399478 0.7113447154600522
0 1 1.0 0.270549761919605 0.729450238080395
1 1 0.0 0.16058288630733453 0.8394171136926655
0 1 1.0 0.38763816466305856 0.6123618353369414
0 1 1.0 0.2873219328558323 0.7126780671441677
1 1 1.0 0.38763816466305856 0.6123618353369414
0 1 1.0 0.16714343451436264 0.8328565654856374
0 1 1.0 0.16674315176117727 0.8332568482388227
1 1 0.0 0.34339408382067427 0.6566059161793257
1 1 1.0 0.270549761919605 0.729450238080395
0 1 1.0 0.270549761919605 0.729450238080395
1 1 0.0 0.36479504621880476 0.6352049537811952
1 1 1.0 0.4076128919014983 0.5923871080985017
1 1 0.0 0.14836396496031412 0.8516360350396859
1 1 1.0 0.2551321832421293 0.7448678167578707
1 1 1.0 0.1445022524995987 0.8554977475004013
1 1 1.0 0.1280815207226481 0.8719184792773519
1 1 1.0 0.38763816466305856 0.6123618353369414
1 1 1.0 0.23790235601519327 0.7620976439848067
1 1 1.0 0.270549761919605 0.729450238080395
0 1 1.0 0.4091839636209492 0.5908160363790508
1 1 1.0 0.270549761919605 0.729450238080395
1 1 1.0 0.270549761919605 0.729450238080395
0 1 0.0 0.3717965500376075 0.6282034499623925
0 1 1.0 0.270549761919605 0.729450238080395
0 1 1.0 0.2725915067731569 0.7274084932268431
1 1 1.0 0.09005427016958434 0.9099457298304157
0 1 0.0 0.3728439925059627 0.6271560074940373
1 1 1.0 0.270549761919605 0.729450238080395
1 1 1.0 0.270549761919605 0.729450238080395
0 1 1.0 0.38763816466305856 0.6123618353369414
1 1 0.0 0.3728439925059627 0.6271560074940373
1 1 0.0 0.2333368426587764 0.7666631573412236
1 1 1.0 0.2886552845399478 0.7113447154600522
1 1 1.0 0.09005427016958434 0.9099457298304157
1 1 1.0 0.270549761919605 0.729450238080395
0 1 1.0 0.270549761919605 0.729450238080395
1 1 1.0 0.20045630583938345 0.7995436941606165
1 1 1.0 0.2873219328558323 0.7126780671441677
1 1 1.0 0.21525529046024738 0.7847447095397526
1 1 0.0 0.3728439925059627 0.6271560074940373
0 1 1.0 0.38763816466305856 0.6123618353369414
1 1 1.0 0.20045630583938345 0.7995436941606165
1 1 1.0 0.23790235601519327 0.7620976439848067
1 1 1.0 0.270549761919605 0.729450238080395
1 1 1.0 0.2551321832421293 0.7448678167578707
0 1 0.0 0.14836396496031412 0.8516360350396859
1 1 0.0 0.16949282532682308 0.8305071746731769
1 1 0.0 0.10017725219346629 0.8998227478065337
0 1 1.0 0.20045630583938345 0.7995436941606165
1 1 1.0 0.16714343451436264 0.8328565654856374
1 1 1.0 0.38763816466305856 0.6123618353369414
1 1 0.0 0.36479504621880476 0.6352049537811952
1 1 0.0 0.3728439925059627 0.6271560074940373
1 1 1.0 0.270549761919605 0.729450238080395
0 1 1.0 0.2551321832421293 0.7448678167578707
1 1 1.0 0.2551321832421293 0.7448678167578707
1 1 1.0 0.40979621640465813 0.5902037835953419
1 1 1.0 0.23790235601519327 0.7620976439848067
1 1 1.0 0.07363124036350721 0.9263687596364928
1 1 0.0 0.10017725219346629 0.8998227478065337
1 1 0.0 0.15278614065419316 0.8472138593458068
0 1 1.0 0.2886552845399478 0.7113447154600522
1 1 0.0 0.36479504621880476 0.6352049537811952
0 1 0.0 0.08090600356558053 0.9190939964344195
1 1 1.0 0.2551321832421293 0.7448678167578707
1 1 1.0 0.23790235601519327 0.7620976439848067
0 1 0.0 0.34339408382067427 0.6566059161793257
1 1 0.0 0.16529857281499305 0.834701427185007
1 1 1.0 0.40979621640465813 0.5902037835953419
1 1 1.0 0.11945315093060094 0.8805468490693991
0 1 0.0 0.25049553395894497 0.749504466041055
1 1 1.0 0.2551321832421293 0.7448678167578707
#classifier_verbose=False
#classifier_rseed=None
#classifier_infile=<_io.TextIOWrapper name='./classifiers/kamfadm-2012ecmlpkdd/pr_train.txt' mode='r' encoding='UTF-8'>
#classifier_outfile=<_io.BufferedWriter name='./classifiers/kamfadm-2012ecmlpkdd/pr_model.txt'>
#classifier_C=1.0
#classifier_eta=25.0
#classifier_ltype=4
#classifier_itype=3
#classifier_ns=False
#classifier_ntry=0
#classifier_script_name=train_pr.py
#classifier_script_version=3.0.0
#classifier_python_version=3.7.4
#classifier_sys_uname=uname_result(system='Linux', node='HP', release='4.15.0-65-generic', version='#74~16.04.1-Ubuntu SMP Wed Sep 18 09:51:44 UTC 2019', machine='x86_64', processor='x86_64')
#classifier_sys_info=['processor\t: 0', 'vendor_id\t: GenuineIntel', 'cpu family\t: 6', 'model\t\t: 30', 'model name\t: Intel(R) Core(TM) i7 CPU         860  @ 2.80GHz', 'stepping\t: 5', 'microcode\t: 0xa', 'cpu MHz\t\t: 1217.671', 'cache size\t: 8192 KB', 'physical id\t: 0', 'siblings\t: 8', 'core id\t\t: 0', 'cpu cores\t: 4', 'apicid\t\t: 0', 'initial apicid\t: 0', 'fpu\t\t: yes', 'fpu_exception\t: yes', 'cpuid level\t: 11', 'wp\t\t: yes', 'flags\t\t: fpu vme de pse tsc msr pae mce cx8 apic sep mtrr pge mca cmov pat pse36 clflush dts acpi mmx fxsr sse sse2 ss ht tm pbe syscall nx rdtscp lm constant_tsc arch_perfmon pebs bts rep_good nopl xtopology nonstop_tsc cpuid aperfmperf pni dtes64 monitor ds_cpl vmx smx est tm2 ssse3 cx16 xtpr pdcm sse4_1 sse4_2 popcnt lahf_lm pti ssbd ibrs ibpb stibp tpr_shadow vnmi flexpriority ept vpid dtherm ida flush_l1d', 'bugs\t\t: cpu_meltdown spectre_v1 spectre_v2 spec_store_bypass l1tf mds swapgs', 'bogomips\t: 5586.02', 'clflush size\t: 64', 'cache_alignment\t: 64', 'address sizes\t: 36 bits physical, 48 bits virtual', 'power management:', '', 'processor\t: 1', 'vendor_id\t: GenuineIntel', 'cpu family\t: 6', 'model\t\t: 30', 'model name\t: Intel(R) Core(TM) i7 CPU         860  @ 2.80GHz', 'stepping\t: 5', 'microcode\t: 0xa', 'cpu MHz\t\t: 1210.834', 'cache size\t: 8192 KB', 'physical id\t: 0', 'siblings\t: 8', 'core id\t\t: 0', 'cpu cores\t: 4', 'apicid\t\t: 1', 'initial apicid\t: 1', 'fpu\t\t: yes', 'fpu_exception\t: yes', 'cpuid level\t: 11', 'wp\t\t: yes', 'flags\t\t: fpu vme de pse tsc msr pae mce cx8 apic sep mtrr pge mca cmov pat pse36 clflush dts acpi mmx fxsr sse sse2 ss ht tm pbe syscall nx rdtscp lm constant_tsc arch_perfmon pebs bts rep_good nopl xtopology nonstop_tsc cpuid aperfmperf pni dtes64 monitor ds_cpl vmx smx est tm2 ssse3 cx16 xtpr pdcm sse4_1 sse4_2 popcnt lahf_lm pti ssbd ibrs ibpb stibp tpr_shadow vnmi flexpriority ept vpid dtherm ida flush_l1d', 'bugs\t\t: cpu_meltdown spectre_v1 spectre_v2 spec_store_bypass l1tf mds swapgs', 'bogomips\t: 5586.02', 'clflush size\t: 64', 'cache_alignment\t: 64', 'address sizes\t: 36 bits physical, 48 bits virtual', 'power management:', '', 'processor\t: 2', 'vendor_id\t: GenuineIntel', 'cpu family\t: 6', 'model\t\t: 30', 'model name\t: Intel(R) Core(TM) i7 CPU         860  @ 2.80GHz', 'stepping\t: 5', 'microcode\t: 0xa', 'cpu MHz\t\t: 1197.090', 'cache size\t: 8192 KB', 'physical id\t: 0', 'siblings\t: 8', 'core id\t\t: 2', 'cpu cores\t: 4', 'apicid\t\t: 4', 'initial apicid\t: 4', 'fpu\t\t: yes', 'fpu_exception\t: yes', 'cpuid level\t: 11', 'wp\t\t: yes', 'flags\t\t: fpu vme de pse tsc msr pae mce cx8 apic sep mtrr pge mca cmov pat pse36 clflush dts acpi mmx fxsr sse sse2 ss ht tm pbe syscall nx rdtscp lm constant_tsc arch_perfmon pebs bts rep_good nopl xtopology nonstop_tsc cpuid aperfmperf pni dtes64 monitor ds_cpl vmx smx est tm2 ssse3 cx16 xtpr pdcm sse4_1 sse4_2 popcnt lahf_lm pti ssbd ibrs ibpb stibp tpr_shadow vnmi flexpriority ept vpid dtherm ida flush_l1d', 'bugs\t\t: cpu_meltdown spectre_v1 spectre_v2 spec_store_bypass l1tf mds swapgs', 'bogomips\t: 5586.02', 'clflush size\t: 64', 'cache_alignment\t: 64', 'address sizes\t: 36 bits physical, 48 bits virtual', 'power management:', '', 'processor\t: 3', 'vendor_id\t: GenuineIntel', 'cpu family\t: 6', 'model\t\t: 30', 'model name\t: Intel(R) Core(TM) i7 CPU         860  @ 2.80GHz', 'stepping\t: 5', 'microcode\t: 0xa', 'cpu MHz\t\t: 1198.737', 'cache size\t: 8192 KB', 'physical id\t: 0', 'siblings\t: 8', 'core id\t\t: 3', 'cpu cores\t: 4', 'apicid\t\t: 6', 'initial apicid\t: 6', 'fpu\t\t: yes', 'fpu_exception\t: yes', 'cpuid level\t: 11', 'wp\t\t: yes', 'flags\t\t: fpu vme de pse tsc msr pae mce cx8 apic sep mtrr pge mca cmov pat pse36 clflush dts acpi mmx fxsr sse sse2 ss ht tm pbe syscall nx rdtscp lm constant_tsc arch_perfmon pebs bts rep_good nopl xtopology nonstop_tsc cpuid aperfmperf pni dtes64 monitor ds_cpl vmx smx est tm2 ssse3 cx16 xtpr pdcm sse4_1 sse4_2 popcnt lahf_lm pti ssbd ibrs ibpb stibp tpr_shadow vnmi flexpriority ept vpid dtherm ida flush_l1d', 'bugs\t\t: cpu_meltdown spectre_v1 spectre_v2 spec_store_bypass l1tf mds swapgs', 'bogomips\t: 5586.02', 'clflush size\t: 64', 'cache_alignment\t: 64', 'address sizes\t: 36 bits physical, 48 bits virtual', 'power management:', '', 'processor\t: 4', 'vendor_id\t: GenuineIntel', 'cpu family\t: 6', 'model\t\t: 30', 'model name\t: Intel(R) Core(TM) i7 CPU         860  @ 2.80GHz', 'stepping\t: 5', 'microcode\t: 0xa', 'cpu MHz\t\t: 1197.037', 'cache size\t: 8192 KB', 'physical id\t: 0', 'siblings\t: 8', 'core id\t\t: 3', 'cpu cores\t: 4', 'apicid\t\t: 7', 'initial apicid\t: 7', 'fpu\t\t: yes', 'fpu_exception\t: yes', 'cpuid level\t: 11', 'wp\t\t: yes', 'flags\t\t: fpu vme de pse tsc msr pae mce cx8 apic sep mtrr pge mca cmov pat pse36 clflush dts acpi mmx fxsr sse sse2 ss ht tm pbe syscall nx rdtscp lm constant_tsc arch_perfmon pebs bts rep_good nopl xtopology nonstop_tsc cpuid aperfmperf pni dtes64 monitor ds_cpl vmx smx est tm2 ssse3 cx16 xtpr pdcm sse4_1 sse4_2 popcnt lahf_lm pti ssbd ibrs ibpb stibp tpr_shadow vnmi flexpriority ept vpid dtherm ida flush_l1d', 'bugs\t\t: cpu_meltdown spectre_v1 spectre_v2 spec_store_bypass l1tf mds swapgs', 'bogomips\t: 5586.02', 'clflush size\t: 64', 'cache_alignment\t: 64', 'address sizes\t: 36 bits physical, 48 bits virtual', 'power management:', '', 'processor\t: 5', 'vendor_id\t: GenuineIntel', 'cpu family\t: 6', 'model\t\t: 30', 'model name\t: Intel(R) Core(TM) i7 CPU         860  @ 2.80GHz', 'stepping\t: 5', 'microcode\t: 0xa', 'cpu MHz\t\t: 1275.361', 'cache size\t: 8192 KB', 'physical id\t: 0', 'siblings\t: 8', 'core id\t\t: 1', 'cpu cores\t: 4', 'apicid\t\t: 2', 'initial apicid\t: 2', 'fpu\t\t: yes', 'fpu_exception\t: yes', 'cpuid level\t: 11', 'wp\t\t: yes', 'flags\t\t: fpu vme de pse tsc msr pae mce cx8 apic sep mtrr pge mca cmov pat pse36 clflush dts acpi mmx fxsr sse sse2 ss ht tm pbe syscall nx rdtscp lm constant_tsc arch_perfmon pebs bts rep_good nopl xtopology nonstop_tsc cpuid aperfmperf pni dtes64 monitor ds_cpl vmx smx est tm2 ssse3 cx16 xtpr pdcm sse4_1 sse4_2 popcnt lahf_lm pti ssbd ibrs ibpb stibp tpr_shadow vnmi flexpriority ept vpid dtherm ida flush_l1d', 'bugs\t\t: cpu_meltdown spectre_v1 spectre_v2 spec_store_bypass l1tf mds swapgs', 'bogomips\t: 5586.02', 'clflush size\t: 64', 'cache_alignment\t: 64', 'address sizes\t: 36 bits physical, 48 bits virtual', 'power management:', '', 'processor\t: 6', 'vendor_id\t: GenuineIntel', 'cpu family\t: 6', 'model\t\t: 30', 'model name\t: Intel(R) Core(TM) i7 CPU         860  @ 2.80GHz', 'stepping\t: 5', 'microcode\t: 0xa', 'cpu MHz\t\t: 1219.875', 'cache size\t: 8192 KB', 'physical id\t: 0', 'siblings\t: 8', 'core id\t\t: 2', 'cpu cores\t: 4', 'apicid\t\t: 5', 'initial apicid\t: 5', 'fpu\t\t: yes', 'fpu_exception\t: yes', 'cpuid level\t: 11', 'wp\t\t: yes', 'flags\t\t: fpu vme de pse tsc msr pae mce cx8 apic sep mtrr pge mca cmov pat pse36 clflush dts acpi mmx fxsr sse sse2 ss ht tm pbe syscall nx rdtscp lm constant_tsc arch_perfmon pebs bts rep_good nopl xtopology nonstop_tsc cpuid aperfmperf pni dtes64 monitor ds_cpl vmx smx est tm2 ssse3 cx16 xtpr pdcm sse4_1 sse4_2 popcnt lahf_lm pti ssbd ibrs ibpb stibp tpr_shadow vnmi flexpriority ept vpid dtherm ida flush_l1d', 'bugs\t\t: cpu_meltdown spectre_v1 spectre_v2 spec_store_bypass l1tf mds swapgs', 'bogomips\t: 5586.02', 'clflush size\t: 64', 'cache_alignment\t: 64', 'address sizes\t: 36 bits physical, 48 bits virtual', 'power management:', '', 'processor\t: 7', 'vendor_id\t: GenuineIntel', 'cpu family\t: 6', 'model\t\t: 30', 'model name\t: Intel(R) Core(TM) i7 CPU         860  @ 2.80GHz', 'stepping\t: 5', 'microcode\t: 0xa', 'cpu MHz\t\t: 1198.197', 'cache size\t: 8192 KB', 'physical id\t: 0', 'siblings\t: 8', 'core id\t\t: 1', 'cpu cores\t: 4', 'apicid\t\t: 3', 'initial apicid\t: 3', 'fpu\t\t: yes', 'fpu_exception\t: yes', 'cpuid level\t: 11', 'wp\t\t: yes', 'flags\t\t: fpu vme de pse tsc msr pae mce cx8 apic sep mtrr pge mca cmov pat pse36 clflush dts acpi mmx fxsr sse sse2 ss ht tm pbe syscall nx rdtscp lm constant_tsc arch_perfmon pebs bts rep_good nopl xtopology nonstop_tsc cpuid aperfmperf pni dtes64 monitor ds_cpl vmx smx est tm2 ssse3 cx16 xtpr pdcm sse4_1 sse4_2 popcnt lahf_lm pti ssbd ibrs ibpb stibp tpr_shadow vnmi flexpriority ept vpid dtherm ida flush_l1d', 'bugs\t\t: cpu_meltdown spectre_v1 spectre_v2 spec_store_bypass l1tf mds swapgs', 'bogomips\t: 5586.02', 'clflush size\t: 64', 'cache_alignment\t: 64', 'address sizes\t: 36 bits physical, 48 bits virtual', 'power management:', '']
#classifier_start_time=2019-10-20T20:56:51.732953
#classifier_final_loss=168.19430724291084
#classifier_end_time=2019-10-20T20:56:54.186853
#classifier_elapsed_time=0:00:02.453900
#classifier_elapsed_utime=2.46
#classifier_nos_samples=300
#classifier_nos_features=11
#classifier_classifier=LRwPRType4
#classifier_fadm_version=1.0.0
#classifier_sklearn_version=0.21.3
#verbose=False
#rseed=None
#infile=<_io.TextIOWrapper name='./classifiers/kamfadm-2012ecmlpkdd/pr_test.txt' mode='r' encoding='UTF-8'>
#outfile=<_io.TextIOWrapper name='./classifiers/kamfadm-2012ecmlpkdd/pr_output.txt' mode='w' encoding='UTF-8'>
#model=<_io.BufferedReader name='./classifiers/kamfadm-2012ecmlpkdd/pr_model.txt'>
#ns=False
#info=True
#script_name=predict_lr.py
#script_version=3.0.0
#python_version=3.7.4
#sys_uname=uname_result(system='Linux', node='HP', release='4.15.0-65-generic', version='#74~16.04.1-Ubuntu SMP Wed Sep 18 09:51:44 UTC 2019', machine='x86_64', processor='x86_64')
#sys_info=['processor\t: 0', 'vendor_id\t: GenuineIntel', 'cpu family\t: 6', 'model\t\t: 30', 'model name\t: Intel(R) Core(TM) i7 CPU         860  @ 2.80GHz', 'stepping\t: 5', 'microcode\t: 0xa', 'cpu MHz\t\t: 1200.842', 'cache size\t: 8192 KB', 'physical id\t: 0', 'siblings\t: 8', 'core id\t\t: 0', 'cpu cores\t: 4', 'apicid\t\t: 0', 'initial apicid\t: 0', 'fpu\t\t: yes', 'fpu_exception\t: yes', 'cpuid level\t: 11', 'wp\t\t: yes', 'flags\t\t: fpu vme de pse tsc msr pae mce cx8 apic sep mtrr pge mca cmov pat pse36 clflush dts acpi mmx fxsr sse sse2 ss ht tm pbe syscall nx rdtscp lm constant_tsc arch_perfmon pebs bts rep_good nopl xtopology nonstop_tsc cpuid aperfmperf pni dtes64 monitor ds_cpl vmx smx est tm2 ssse3 cx16 xtpr pdcm sse4_1 sse4_2 popcnt lahf_lm pti ssbd ibrs ibpb stibp tpr_shadow vnmi flexpriority ept vpid dtherm ida flush_l1d', 'bugs\t\t: cpu_meltdown spectre_v1 spectre_v2 spec_store_bypass l1tf mds swapgs', 'bogomips\t: 5586.02', 'clflush size\t: 64', 'cache_alignment\t: 64', 'address sizes\t: 36 bits physical, 48 bits virtual', 'power management:', '', 'processor\t: 1', 'vendor_id\t: GenuineIntel', 'cpu family\t: 6', 'model\t\t: 30', 'model name\t: Intel(R) Core(TM) i7 CPU         860  @ 2.80GHz', 'stepping\t: 5', 'microcode\t: 0xa', 'cpu MHz\t\t: 1200.833', 'cache size\t: 8192 KB', 'physical id\t: 0', 'siblings\t: 8', 'core id\t\t: 0', 'cpu cores\t: 4', 'apicid\t\t: 1', 'initial apicid\t: 1', 'fpu\t\t: yes', 'fpu_exception\t: yes', 'cpuid level\t: 11', 'wp\t\t: yes', 'flags\t\t: fpu vme de pse tsc msr pae mce cx8 apic sep mtrr pge mca cmov pat pse36 clflush dts acpi mmx fxsr sse sse2 ss ht tm pbe syscall nx rdtscp lm constant_tsc arch_perfmon pebs bts rep_good nopl xtopology nonstop_tsc cpuid aperfmperf pni dtes64 monitor ds_cpl vmx smx est tm2 ssse3 cx16 xtpr pdcm sse4_1 sse4_2 popcnt lahf_lm pti ssbd ibrs ibpb stibp tpr_shadow vnmi flexpriority ept vpid dtherm ida flush_l1d', 'bugs\t\t: cpu_meltdown spectre_v1 spectre_v2 spec_store_bypass l1tf mds swapgs', 'bogomips\t: 5586.02', 'clflush size\t: 64', 'cache_alignment\t: 64', 'address sizes\t: 36 bits physical, 48 bits virtual', 'power management:', '', 'processor\t: 2', 'vendor_id\t: GenuineIntel', 'cpu family\t: 6', 'model\t\t: 30', 'model name\t: Intel(R) Core(TM) i7 CPU         860  @ 2.80GHz', 'stepping\t: 5', 'microcode\t: 0xa', 'cpu MHz\t\t: 1198.830', 'cache size\t: 8192 KB', 'physical id\t: 0', 'siblings\t: 8', 'core id\t\t: 2', 'cpu cores\t: 4', 'apicid\t\t: 4', 'initial apicid\t: 4', 'fpu\t\t: yes', 'fpu_exception\t: yes', 'cpuid level\t: 11', 'wp\t\t: yes', 'flags\t\t: fpu vme de pse tsc msr pae mce cx8 apic sep mtrr pge mca cmov pat pse36 clflush dts acpi mmx fxsr sse sse2 ss ht tm pbe syscall nx rdtscp lm constant_tsc arch_perfmon pebs bts rep_good nopl xtopology nonstop_tsc cpuid aperfmperf pni dtes64 monitor ds_cpl vmx smx est tm2 ssse3 cx16 xtpr pdcm sse4_1 sse4_2 popcnt lahf_lm pti ssbd ibrs ibpb stibp tpr_shadow vnmi flexpriority ept vpid dtherm ida flush_l1d', 'bugs\t\t: cpu_meltdown spectre_v1 spectre_v2 spec_store_bypass l1tf mds swapgs', 'bogomips\t: 5586.02', 'clflush size\t: 64', 'cache_alignment\t: 64', 'address sizes\t: 36 bits physical, 48 bits virtual', 'power management:', '', 'processor\t: 3', 'vendor_id\t: GenuineIntel', 'cpu family\t: 6', 'model\t\t: 30', 'model name\t: Intel(R) Core(TM) i7 CPU         860  @ 2.80GHz', 'stepping\t: 5', 'microcode\t: 0xa', 'cpu MHz\t\t: 1209.316', 'cache size\t: 8192 KB', 'physical id\t: 0', 'siblings\t: 8', 'core id\t\t: 3', 'cpu cores\t: 4', 'apicid\t\t: 6', 'initial apicid\t: 6', 'fpu\t\t: yes', 'fpu_exception\t: yes', 'cpuid level\t: 11', 'wp\t\t: yes', 'flags\t\t: fpu vme de pse tsc msr pae mce cx8 apic sep mtrr pge mca cmov pat pse36 clflush dts acpi mmx fxsr sse sse2 ss ht tm pbe syscall nx rdtscp lm constant_tsc arch_perfmon pebs bts rep_good nopl xtopology nonstop_tsc cpuid aperfmperf pni dtes64 monitor ds_cpl vmx smx est tm2 ssse3 cx16 xtpr pdcm sse4_1 sse4_2 popcnt lahf_lm pti ssbd ibrs ibpb stibp tpr_shadow vnmi flexpriority ept vpid dtherm ida flush_l1d', 'bugs\t\t: cpu_meltdown spectre_v1 spectre_v2 spec_store_bypass l1tf mds swapgs', 'bogomips\t: 5586.02', 'clflush size\t: 64', 'cache_alignment\t: 64', 'address sizes\t: 36 bits physical, 48 bits virtual', 'power management:', '', 'processor\t: 4', 'vendor_id\t: GenuineIntel', 'cpu family\t: 6', 'model\t\t: 30', 'model name\t: Intel(R) Core(TM) i7 CPU         860  @ 2.80GHz', 'stepping\t: 5', 'microcode\t: 0xa', 'cpu MHz\t\t: 1201.977', 'cache size\t: 8192 KB', 'physical id\t: 0', 'siblings\t: 8', 'core id\t\t: 3', 'cpu cores\t: 4', 'apicid\t\t: 7', 'initial apicid\t: 7', 'fpu\t\t: yes', 'fpu_exception\t: yes', 'cpuid level\t: 11', 'wp\t\t: yes', 'flags\t\t: fpu vme de pse tsc msr pae mce cx8 apic sep mtrr pge mca cmov pat pse36 clflush dts acpi mmx fxsr sse sse2 ss ht tm pbe syscall nx rdtscp lm constant_tsc arch_perfmon pebs bts rep_good nopl xtopology nonstop_tsc cpuid aperfmperf pni dtes64 monitor ds_cpl vmx smx est tm2 ssse3 cx16 xtpr pdcm sse4_1 sse4_2 popcnt lahf_lm pti ssbd ibrs ibpb stibp tpr_shadow vnmi flexpriority ept vpid dtherm ida flush_l1d', 'bugs\t\t: cpu_meltdown spectre_v1 spectre_v2 spec_store_bypass l1tf mds swapgs', 'bogomips\t: 5586.02', 'clflush size\t: 64', 'cache_alignment\t: 64', 'address sizes\t: 36 bits physical, 48 bits virtual', 'power management:', '', 'processor\t: 5', 'vendor_id\t: GenuineIntel', 'cpu family\t: 6', 'model\t\t: 30', 'model name\t: Intel(R) Core(TM) i7 CPU         860  @ 2.80GHz', 'stepping\t: 5', 'microcode\t: 0xa', 'cpu MHz\t\t: 1215.480', 'cache size\t: 8192 KB', 'physical id\t: 0', 'siblings\t: 8', 'core id\t\t: 1', 'cpu cores\t: 4', 'apicid\t\t: 2', 'initial apicid\t: 2', 'fpu\t\t: yes', 'fpu_exception\t: yes', 'cpuid level\t: 11', 'wp\t\t: yes', 'flags\t\t: fpu vme de pse tsc msr pae mce cx8 apic sep mtrr pge mca cmov pat pse36 clflush dts acpi mmx fxsr sse sse2 ss ht tm pbe syscall nx rdtscp lm constant_tsc arch_perfmon pebs bts rep_good nopl xtopology nonstop_tsc cpuid aperfmperf pni dtes64 monitor ds_cpl vmx smx est tm2 ssse3 cx16 xtpr pdcm sse4_1 sse4_2 popcnt lahf_lm pti ssbd ibrs ibpb stibp tpr_shadow vnmi flexpriority ept vpid dtherm ida flush_l1d', 'bugs\t\t: cpu_meltdown spectre_v1 spectre_v2 spec_store_bypass l1tf mds swapgs', 'bogomips\t: 5586.02', 'clflush size\t: 64', 'cache_alignment\t: 64', 'address sizes\t: 36 bits physical, 48 bits virtual', 'power management:', '', 'processor\t: 6', 'vendor_id\t: GenuineIntel', 'cpu family\t: 6', 'model\t\t: 30', 'model name\t: Intel(R) Core(TM) i7 CPU         860  @ 2.80GHz', 'stepping\t: 5', 'microcode\t: 0xa', 'cpu MHz\t\t: 1199.086', 'cache size\t: 8192 KB', 'physical id\t: 0', 'siblings\t: 8', 'core id\t\t: 2', 'cpu cores\t: 4', 'apicid\t\t: 5', 'initial apicid\t: 5', 'fpu\t\t: yes', 'fpu_exception\t: yes', 'cpuid level\t: 11', 'wp\t\t: yes', 'flags\t\t: fpu vme de pse tsc msr pae mce cx8 apic sep mtrr pge mca cmov pat pse36 clflush dts acpi mmx fxsr sse sse2 ss ht tm pbe syscall nx rdtscp lm constant_tsc arch_perfmon pebs bts rep_good nopl xtopology nonstop_tsc cpuid aperfmperf pni dtes64 monitor ds_cpl vmx smx est tm2 ssse3 cx16 xtpr pdcm sse4_1 sse4_2 popcnt lahf_lm pti ssbd ibrs ibpb stibp tpr_shadow vnmi flexpriority ept vpid dtherm ida flush_l1d', 'bugs\t\t: cpu_meltdown spectre_v1 spectre_v2 spec_store_bypass l1tf mds swapgs', 'bogomips\t: 5586.02', 'clflush size\t: 64', 'cache_alignment\t: 64', 'address sizes\t: 36 bits physical, 48 bits virtual', 'power management:', '', 'processor\t: 7', 'vendor_id\t: GenuineIntel', 'cpu family\t: 6', 'model\t\t: 30', 'model name\t: Intel(R) Core(TM) i7 CPU         860  @ 2.80GHz', 'stepping\t: 5', 'microcode\t: 0xa', 'cpu MHz\t\t: 1202.754', 'cache size\t: 8192 KB', 'physical id\t: 0', 'siblings\t: 8', 'core id\t\t: 1', 'cpu cores\t: 4', 'apicid\t\t: 3', 'initial apicid\t: 3', 'fpu\t\t: yes', 'fpu_exception\t: yes', 'cpuid level\t: 11', 'wp\t\t: yes', 'flags\t\t: fpu vme de pse tsc msr pae mce cx8 apic sep mtrr pge mca cmov pat pse36 clflush dts acpi mmx fxsr sse sse2 ss ht tm pbe syscall nx rdtscp lm constant_tsc arch_perfmon pebs bts rep_good nopl xtopology nonstop_tsc cpuid aperfmperf pni dtes64 monitor ds_cpl vmx smx est tm2 ssse3 cx16 xtpr pdcm sse4_1 sse4_2 popcnt lahf_lm pti ssbd ibrs ibpb stibp tpr_shadow vnmi flexpriority ept vpid dtherm ida flush_l1d', 'bugs\t\t: cpu_meltdown spectre_v1 spectre_v2 spec_store_bypass l1tf mds swapgs', 'bogomips\t: 5586.02', 'clflush size\t: 64', 'cache_alignment\t: 64', 'address sizes\t: 36 bits physical, 48 bits virtual', 'power management:', '']
#start_time=2019-10-20T20:56:56.292569
#end_time=2019-10-20T20:56:56.344681
#elapsed_time=0:00:00.052112
#elapsed_utime=0.050000000000000044
#nos_samples=700
#nos_correct_samples=482
#accuracy=0.6885714285714286
#negative_mean_prob=0.27027014240643116
#positive_mean_prob=0.7297298575935689
